0.50502 -0.862377 0.0355041 0.712368 0.86278 0.505535 0.00678203 0.541586 -0.0237972 0.0272072 0.999346 0.771262
0.50502 -0.862377 0.0355041 0.712368 0.86278 0.505535 0.00678203 0.541586 -0.0237972 0.0272072 0.999346 0.771262
0.501665 -0.864374 0.0345014 0.802433 0.864783 0.502117 0.00538639 0.631834 -0.0219796 0.027134 0.99939 0.75079
0.497896 -0.866657 0.0317101 0.941469 0.867002 0.498279 0.00503299 0.78086 -0.0201624 0.0249868 0.999485 0.740596
0.489675 -0.871335 0.0315402 1.1073 0.871679 0.490052 0.00507075 0.964644 -0.0198746 0.0250099 0.99949 0.737431
0.481186 -0.87614 0.0289998 1.265 0.87643 0.481506 0.00483544 1.18809 -0.0182001 0.0230896 0.999569 0.728518
0.472959 -0.88069 0.0264344 1.44362 0.880909 0.473253 0.00585102 1.41971 -0.0176631 0.020519 0.999635 0.722595
0.466292 -0.884285 0.0248317 1.62643 0.884441 0.466592 0.00772297 1.64689 -0.0184156 0.018361 0.999663 0.724743
0.460853 -0.887094 0.0261551 1.83212 0.887213 0.461237 0.010901 1.94186 -0.0217339 0.0181814 0.9996 0.722375
0.455911 -0.889567 0.0286705 2.03612 0.889687 0.456393 0.0130197 2.27715 -0.0246669 0.0195719 0.999506 0.713889
0.452301 -0.891376 0.0296834 2.21277 0.891488 0.452831 0.0141575 2.63212 -0.0260612 0.020059 0.999462 0.707711
0.447749 -0.893696 0.0289438 2.3738 0.893825 0.448236 0.0129769 3.00466 -0.0245711 0.0200603 0.9995 0.695243
0.445416 -0.894819 0.0302477 2.56535 0.89498 0.445932 0.012833 3.39997 -0.0249717 0.0213551 0.999463 0.687883
0.443401 -0.895749 0.0322795 2.78388 0.895944 0.443978 0.013286 3.81827 -0.0262323 0.0230296 0.999394 0.67912
0.442493 -0.896141 0.0338277 3.01134 0.896383 0.443102 0.0129413 4.23771 -0.0265863 0.0245962 0.999347 0.668254
0.441358 -0.89677 0.031943 3.25047 0.897004 0.441885 0.0114912 4.68777 -0.0244201 0.0235813 0.999427 0.657047
0.440825 -0.897153 0.028386 3.51041 0.897322 0.441255 0.0109099 5.20061 -0.0223133 0.0206621 0.999542 0.643322
0.440205 -0.897558 0.0249978 3.77197 0.897662 0.440563 0.010915 5.75387 -0.0208099 0.0176348 0.999632 0.631536
0.439933 -0.897751 0.0227748 4.04045 0.897803 0.440257 0.0116631 6.34683 -0.0204973 0.0153163 0.999677 0.615381
0.438067 -0.898657 0.0230734 4.33371 0.898703 0.438405 0.0121874 6.98343 -0.0210678 0.0153973 0.999664 0.603977
0.435685 -0.899798 0.0236889 4.65885 0.899812 0.436066 0.0141181 7.65502 -0.0230333 0.0151645 0.999625 0.593663
0.433685 -0.900774 0.0233481 5.00139 0.900741 0.434083 0.015882 8.35926 -0.0244411 0.0141428 0.999607 0.591082
0.432278 -0.901445 0.0235735 5.35012 0.901455 0.432657 0.0142022 9.09251 -0.0230017 0.0151112 0.999627 0.579079
0.431817 -0.901646 0.0243061 5.71436 0.901691 0.432197 0.0132165 9.84653 -0.0224217 0.0162095 0.999624 0.567613
0.43114 -0.901924 0.0260113 6.08863 0.901987 0.431567 0.013677 10.6292 -0.0235612 0.0175652 0.999575 0.554832
0.431612 -0.901697 0.0260458 6.46928 0.901675 0.432097 0.0170815 11.4518 -0.0266566 0.0161123 0.999522 0.540716
0.432196 -0.901403 0.026544 6.85946 0.901247 0.43277 0.0219533 12.2864 -0.0312761 0.0144346 0.999414 0.519155
0.432985 -0.901026 0.026509 7.26702 0.900719 0.433619 0.0264583 13.1284 -0.0353342 0.0124211 0.999307 0.491844
0.434591 -0.90023 0.027279 7.68814 0.899891 0.435266 0.0275624 13.9755 -0.0366859 0.0125698 0.999256 0.470396
0.436445 -0.899316 0.0278355 8.11306 0.899085 0.4371 0.0247048 14.8247 -0.0343841 0.0142443 0.999316 0.447366
0.437643 -0.898734 0.0278163 8.57366 0.898544 0.43828 0.0234489 15.7615 -0.0332654 0.0147321 0.999347 0.425655
0.440899 -0.89719 0.026207 9.03949 0.897063 0.441444 0.0206397 16.7656 -0.0300865 0.0144094 0.999453 0.402756
0.443792 -0.895734 0.0271836 9.54024 0.895634 0.444358 0.0201669 17.8 -0.0301432 0.0153967 0.999436 0.383113
0.445002 -0.895145 0.0268016 10.0569 0.894903 0.445617 0.0243879 18.8724 -0.0337736 0.0131323 0.999353 0.355057
0.441253 -0.89691 0.0296487 10.5945 0.896597 0.442014 0.0275288 19.9231 -0.0377956 0.0144359 0.999191 0.328556
0.438339 -0.898161 0.0346145 11.1297 0.898004 0.439259 0.0257343 20.9356 -0.0383179 0.0198037 0.999079 0.300897
0.438332 -0.898089 0.0365182 11.6433 0.898051 0.439279 0.0236273 21.9602 -0.0372607 0.0224388 0.999063 0.25074
0.437294 -0.898614 0.0360448 12.1348 0.89871 0.43813 0.0195632 23.0133 -0.0333717 0.0238392 0.999168 0.203716
0.438989 -0.897952 0.0316868 12.6532 0.897978 0.439666 0.0186785 24.069 -0.0307037 0.0202546 0.999333 0.175982
0.440809 -0.897073 0.0313307 13.1427 0.897034 0.441509 0.0204606 25.111 -0.032187 0.0190858 0.999309 0.15008
0.442992 -0.896019 0.0307063 13.628 0.89589 0.443714 0.0227656 26.1222 -0.0340227 0.0174247 0.999279 0.128273
0.444159 -0.895517 0.0284173 14.1029 0.895266 0.44484 0.0251924 27.1008 -0.0352008 0.014252 0.999288 0.114954
0.444611 -0.895199 0.0312336 14.5611 0.894989 0.445394 0.0252552 28.0895 -0.036519 0.0167253 0.999203 0.0834723
0.444266 -0.895262 0.0342025 15.0294 0.894961 0.445228 0.0288978 29.0738 -0.0410982 0.017772 0.999006 0.0422666
0.441251 -0.896576 0.038523 15.4795 0.896265 0.442444 0.0311486 30.0563 -0.0449704 0.0207829 0.998781 -0.012501
0.441407 -0.896522 0.0379923 15.95 0.896174 0.442588 0.0317101 30.9932 -0.0452427 0.0200511 0.998784 -0.0524897
0.441235 -0.896662 0.0366844 16.3959 0.896326 0.44234 0.03086 31.9193 -0.043897 0.0192652 0.998859 -0.0903247
0.439565 -0.897617 0.0332165 16.8217 0.897221 0.440522 0.0308441 32.806 -0.0423177 0.0162451 0.99898 -0.12864
0.440416 -0.897191 0.0334421 17.2693 0.896868 0.441354 0.0291581 33.6781 -0.0409191 0.017152 0.999023 -0.147157
0.43986 -0.897516 0.0320224 17.7042 0.897139 0.440752 0.0299037 34.567 -0.0409519 0.0155757 0.999047 -0.153445
0.43831 -0.898208 0.0338105 18.1459 0.897838 0.439287 0.0304735 35.4712 -0.0422229 0.0170001 0.998971 -0.180852
0.435474 -0.899615 0.0330541 18.5742 0.899265 0.436408 0.0297589 36.3651 -0.0411953 0.0167658 0.999018 -0.214956
0.435401 -0.899844 0.0272582 18.9981 0.899538 0.436063 0.0263661 37.2483 -0.0356104 0.0130406 0.999288 -0.226331
0.434354 -0.900464 0.0231853 19.4076 0.900163 0.434861 0.0248421 38.1198 -0.0324506 0.0100809 0.999429 -0.233095
0.432931 -0.901173 0.0222651 19.8091 0.900739 0.433439 0.0285313 38.9893 -0.0353608 0.00770357 0.999352 -0.263951
0.433585 -0.900811 0.0240883 20.2333 0.900224 0.434196 0.032925 39.8776 -0.0401167 0.00740972 0.999174 -0.300783
0.433341 -0.900815 0.0280056 20.6465 0.900259 0.434115 0.0330406 40.7589 -0.0419194 0.0108952 0.999068 -0.338848
0.433858 -0.90044 0.03182 21.0727 0.90001 0.434768 0.0312085 41.6485 -0.0419339 0.015099 0.999012 -0.388492
0.433209 -0.90076 0.0316046 21.503 0.900382 0.43409 0.0298835 42.5309 -0.0406353 0.0155112 0.999059 -0.389472
0.432432 -0.901085 0.0329425 21.9155 0.900773 0.43335 0.0288051 43.3739 -0.0402296 0.0172183 0.999048 -0.398666
0.432565 -0.901018 0.0330236 22.3444 0.900609 0.433527 0.0311967 44.2122 -0.0424234 0.0162476 0.998973 -0.403534
0.431778 -0.901284 0.0359391 22.7543 0.900742 0.432939 0.0352378 45.0815 -0.0473166 0.0171578 0.998737 -0.427724
0.431206 -0.901452 0.0385106 23.1524 0.900852 0.432531 0.0373891 45.9611 -0.0503593 0.0185708 0.998563 -0.482738
0.43178 -0.901196 0.0380661 23.5517 0.900623 0.433069 0.0366653 46.8251 -0.0495255 0.0184528 0.998607 -0.531672
0.429034 -0.902589 0.036063 23.9563 0.902215 0.430138 0.0317175 47.675 -0.0441377 0.0189296 0.99885 -0.56237
0.426071 -0.904023 0.0352524 24.3403 0.90388 0.427025 0.0258141 48.4995 -0.038388 0.0208662 0.999049 -0.623868
0.426004 -0.904353 0.0265107 24.7198 0.903966 0.426672 0.0284964 49.3146 -0.0370799 0.011826 0.999246 -0.64241
0.427967 -0.903578 0.0206702 25.0978 0.90302 0.428444 0.0317382 50.127 -0.0375316 0.00508344 0.999286 -0.636836
0.427941 -0.903561 0.0219032 25.4771 0.90297 0.42847 0.0328057 50.955 -0.0390244 0.00573979 0.999225 -0.666735
0.426444 -0.904196 0.024733 25.8396 0.903694 0.427071 0.0310819 51.7538 -0.0386644 0.00909718 0.999213 -0.675888
0.424867 -0.905002 0.0222464 26.2009 0.904368 0.425419 0.0339899 52.5433 -0.0402225 0.00567852 0.999177 -0.711426
0.423948 -0.905464 0.0209808 26.5462 0.904735 0.424459 0.0361698 53.3125 -0.0416533 0.00364872 0.999127 -0.738813
0.422321 -0.906293 0.0177358 26.9055 0.90544 0.422701 0.0390232 54.0553 -0.0428606 -0.000420822 0.999083 -0.757918
0.42022 -0.907299 0.0161764 27.2367 0.906299 0.420528 0.0424224 54.7817 -0.0452896 -0.00316541 0.99897 -0.806174
0.419506 -0.907639 0.0155911 27.5708 0.906566 0.419782 0.0440707 55.5211 -0.0465422 -0.0043529 0.998908 -0.816284
0.419617 -0.907598 0.0150003 27.8777 0.906402 0.419851 0.0467118 56.2178 -0.0486903 -0.00600409 0.998797 -0.819738
0.416957 -0.908775 0.0176723 28.1912 0.907482 0.41732 0.0484 56.9231 -0.0513565 -0.00414266 0.998672 -0.840889
0.41584 -0.909236 0.020144 28.4883 0.908012 0.416335 0.0469188 57.6004 -0.0510437 -0.00121891 0.998696 -0.85955
0.415909 -0.909165 0.0218325 28.8081 0.908338 0.416474 0.0386491 58.2667 -0.0442279 0.00375772 0.999015 -0.853087
0.414824 -0.909684 0.020868 29.1023 0.90919 0.415309 0.0302721 58.9211 -0.0362015 0.00641644 0.999324 -0.884025
0.4138 -0.910302 0.0125731 29.3769 0.909772 0.414 0.0307089 59.5644 -0.0331564 -0.00126781 0.99945 -0.909213
0.415395 -0.909607 0.0100464 29.6668 0.908957 0.415496 0.0344328 60.187 -0.0354912 -0.00517062 0.999357 -0.923241
0.414193 -0.91007 0.0160266 29.9237 0.909358 0.414514 0.0356664 60.7917 -0.0390987 -0.000197942 0.999236 -0.951886
0.412769 -0.910584 0.022313 30.1789 0.910099 0.41331 0.0303399 61.3542 -0.0368457 0.00778481 0.999291 -0.942496
0.412084 -0.910705 0.0290454 30.4433 0.910568 0.412765 0.0227469 61.9335 -0.0327011 0.0170755 0.999319 -0.971707
0.413712 -0.909947 0.0296373 30.7 0.910015 0.41429 0.0162664 62.4822 -0.0270764 0.0202422 0.999428 -1.00241
0.415933 -0.909184 0.0206099 30.9475 0.909045 0.416311 0.0187083 63.0173 -0.0255859 0.0109551 0.999612 -0.995176
0.419341 -0.907686 0.0173148 31.1567 0.907388 0.41967 0.0234991 63.5125 -0.0285927 0.00585824 0.999573 -1.00026
0.424852 -0.905155 0.0153711 31.3878 0.904623 0.425142 0.0306711 63.9847 -0.0342933 0.000875356 0.999411 -1.06015
0.429942 -0.902623 0.0215161 31.6249 0.902084 0.430452 0.0313814 64.4539 -0.0375833 0.00591826 0.999275 -1.05081
0.437449 -0.898846 0.027474 31.854 0.898343 0.43819 0.0316308 64.9339 -0.040466 0.0108454 0.999121 -1.06669
0.447076 -0.893984 0.0309057 32.0608 0.893484 0.447964 0.0323432 65.3714 -0.0427547 0.0131551 0.998997 -1.07512
0.459558 -0.887806 0.025429 32.2786 0.887136 0.460229 0.0348202 65.7988 -0.0426125 0.00655819 0.999068 -1.08915
0.475099 -0.879707 0.0209108 32.5033 0.878872 0.475574 0.0380598 66.232 -0.0434218 0.000296747 0.999054 -1.09252
0.495229 -0.868527 0.02119 32.7519 0.867622 0.495696 0.0394187 66.632 -0.0447356 -0.00113545 0.998995 -1.10651
0.517926 -0.85505 0.0260928 33.0018 0.854159 0.518595 0.0388491 67.0195 -0.0467449 0.00216741 0.998901 -1.12623
0.543088 -0.839248 0.0275062 33.2463 0.838324 0.543797 0.0391915 67.3724 -0.0478445 0.00177568 0.99885 -1.10781
0.56987 -0.821201 0.03023 33.5289 0.820208 0.570686 0.0402375 67.7298 -0.05029 0.0018658 0.998729 -1.11861
0.599414 -0.799971 0.0280253 33.7826 0.79879 0.600075 0.0434461 68.0587 -0.0515679 -0.0036549 0.998659 -1.13955
0.631694 -0.774643 0.0304171 34.0709 0.773461 0.632435 0.0427879 68.393 -0.0523771 -0.00350142 0.998617 -1.14138
0.667389 -0.744127 0.0300209 34.3613 0.742893 0.668051 0.043217 68.6826 -0.0522092 -0.00653928 0.99861 -1.16551
0.701747 -0.711984 0.02572 34.6546 0.710629 0.702099 0.0459892 68.9459 -0.0507963 -0.0139946 0.998606 -1.20523
0.739649 -0.672564 0.0246352 34.9536 0.671293 0.739902 0.0443364 69.1832 -0.0480414 -0.0162551 0.998707 -1.18829
0.777193 -0.628801 0.024685 35.2589 0.627623 0.777416 0.0420883 69.4162 -0.0456504 -0.017217 0.998803 -1.19633
0.815295 -0.578486 0.0259905 35.589 0.5773 0.815514 0.0414948 69.6377 -0.0451943 -0.0188253 0.998794 -1.2407
0.849867 -0.52655 0.0222859 35.9328 0.525416 0.849842 0.0420561 69.8618 -0.0410787 -0.0240318 0.99886 -1.23519
0.882647 -0.469508 0.0227994 36.3177 0.468403 0.882593 0.0411485 70.0315 -0.0394366 -0.0256394 0.998885 -1.25155
0.912024 -0.409769 0.017991 36.6487 0.408781 0.911697 0.0421251 70.1477 -0.0336584 -0.0310639 0.998943 -1.24891
0.936802 -0.349145 0.0228404 37.023 0.348106 0.936643 0.0398959 70.2801 -0.0353171 -0.0294227 0.998935 -1.25994
0.957209 -0.288394 0.0245566 37.3889 0.287198 0.956933 0.0432113 70.3579 -0.0359552 -0.0343087 0.998756 -1.28204
0.973438 -0.227586 0.0254296 37.7593 0.226388 0.973125 0.0429954 70.437 -0.0345256 -0.0360954 0.998743 -1.30306
0.985722 -0.166557 0.0252214 38.1577 0.165517 0.985471 0.0390357 70.4772 -0.0313508 -0.0343026 0.998911 -1.29559
0.993901 -0.107687 0.0242856 38.5202 0.106819 0.993705 0.0348392 70.5039 -0.0278786 -0.0320312 0.999089 -1.30264
0.998538 -0.049298 0.0227682 38.8663 0.0484313 0.99816 0.0374823 70.5055 -0.0245683 -0.0363235 0.999029 -1.32399
0.999736 0.00823515 0.0221056 39.2432 -0.00912847 0.999154 0.0410235 70.505 -0.0217432 -0.0412131 0.998904 -1.29994
0.997729 0.063264 0.0237531 39.6188 -0.0642067 0.9971 0.0417439 70.4726 -0.0210375 -0.0431728 0.998837 -1.33191
0.993487 0.111844 0.022524 40.0005 -0.112647 0.992914 0.0388144 70.4298 -0.0180172 -0.0410973 0.998983 -1.34467
0.987575 0.155726 0.021903 40.3893 -0.156345 0.987258 0.0308498 70.3577 -0.0168137 -0.0338891 0.999274 -1.33381
0.980329 0.195962 0.024302 40.7784 -0.196448 0.980345 0.0201385 70.2567 -0.0198717 -0.0245142 0.999492 -1.32943
0.972764 0.231009 0.0200815 41.1443 -0.231394 0.972683 0.0204435 70.1553 -0.0148042 -0.0245311 0.999579 -1.32082
0.964531 0.263245 0.0205551 41.5207 -0.263684 0.964356 0.023693 70.0834 -0.0135792 -0.0282704 0.999498 -1.3123
0.955936 0.292897 0.0209658 41.9034 -0.293454 0.955427 0.0334097 69.9856 -0.0102395 -0.0380879 0.999211 -1.31883
0.94748 0.319266 0.0198662 42.3289 -0.319804 0.946741 0.0384752 69.8285 -0.00651816 -0.0428056 0.999051 -1.3268
0.939662 0.341739 0.0171779 42.7384 -0.342137 0.938977 0.0365647 69.647 -0.0036279 -0.0402334 0.999172 -1.32134
0.931964 0.362402 0.0124158 43.148 -0.362601 0.931429 0.03213 69.4552 8.57494e-05 -0.0344434 0.999395 -1.27598
0.924655 0.380805 0.00687718 43.5514 -0.380803 0.924109 0.0329242 69.3011 0.00618863 -0.0330596 0.999422 -1.31156
0.916999 0.398895 0.00652855 43.9624 -0.398828 0.916277 0.0380177 69.1305 0.00918923 -0.0374633 0.999243 -1.3537
0.910854 0.412698 0.00860244 44.3842 -0.412677 0.910016 0.0405006 68.9682 0.00889229 -0.0404375 0.999129 -1.33195
0.904996 0.425334 0.011064 44.8049 -0.425393 0.904095 0.0415411 68.7472 0.00767208 -0.0422984 0.999062 -1.31039
0.89904 0.43776 0.0119706 45.2707 -0.437877 0.898337 0.0364371 68.4958 0.00520337 -0.0379972 0.99925 -1.30497
0.894069 0.447838 0.0115145 45.7352 -0.447957 0.893566 0.0307809 68.2706 0.00350215 -0.0326751 0.999446 -1.31205
0.889255 0.45721 0.0153345 46.1808 -0.457449 0.888688 0.0323727 68.0448 0.00117985 -0.0357993 0.999344 -1.34865
0.884765 0.465987 0.00999002 46.6692 -0.466051 0.884308 0.029499 67.7754 0.0049182 -0.0307521 0.9995 -1.31016
0.88169 0.471769 0.0104959 47.1534 -0.471848 0.881251 0.0288241 67.5407 0.00435515 -0.0303629 0.999514 -1.28641
0.879347 0.476089 0.0119008 47.6686 -0.476193 0.878781 0.0325492 67.2473 0.00504442 -0.0342857 0.999384 -1.27504
0.876535 0.481296 0.00968077 48.2125 -0.481352 0.876135 0.0276535 66.9364 0.00483423 -0.0288954 0.999555 -1.27181
0.874099 0.485751 0.00721185 48.7997 -0.485728 0.873691 0.0284524 66.6604 0.00752622 -0.0283694 0.999552 -1.26194
0.872304 0.489016 0.00223173 49.3411 -0.488908 0.872059 0.0236886 66.3591 0.00964428 -0.0217505 0.9997 -1.23265
0.870973 0.491377 0.00323919 49.8568 -0.491304 0.870754 0.02206 66.0475 0.00802568 -0.0208007 0.999733 -1.21912
0.870072 0.492963 0.00430239 50.4074 -0.492913 0.869851 0.0217884 65.7388 0.00700483 -0.0210737 0.999735 -1.23153
0.86955 0.493897 0.00230304 50.991 -0.493856 0.869467 0.0146085 65.4165 0.00521919 -0.0138354 0.999871 -1.20389
0.869516 0.493962 0.00120674 51.6277 -0.493924 0.869478 0.0112379 65.0512 0.00450839 -0.0103625 0.999916 -1.22995
0.870182 0.492788 0.000873245 52.287 -0.492754 0.870159 0.00988983 64.6936 0.0041203 -0.00903103 0.99993 -1.2359
0.871698 0.490102 -0.00083423 52.9321 -0.490067 0.871704 0.00697959 64.3213 0.00415452 -0.00566983 0.999953 -1.23558
0.873901 0.486161 0.00200755 53.5567 -0.486117 0.873819 0.0145852 63.9743 0.00534311 -0.0137169 0.999869 -1.20594
0.876692 0.4811 0.00354143 54.189 -0.481076 0.876593 0.0153267 63.6045 0.0042759 -0.0151355 0.999853 -1.1929
0.879338 0.476259 0.000896293 54.884 -0.476237 0.879344 0.00619056 63.2389 0.00216684 -0.00586483 0.999956 -1.22555
0.88132 0.472581 -0.00123477 55.5967 -0.472565 0.881343 -0.00170194 62.8699 0.000290696 0.00208955 0.999973 -1.22479
0.882705 0.46999 0.000381767 56.3189 -0.46997 0.882729 -0.00216595 62.4806 -0.00134819 0.00173858 0.999972 -1.23533
0.885078 0.465503 -0.0017597 57.0128 -0.465489 0.885096 -0.00371868 62.1218 -0.00016674 0.00411672 0.999966 -1.22776
0.887213 0.461426 -0.000635081 57.7305 -0.461408 0.887239 0.000676409 61.7483 0.000882406 -0.000301022 0.999973 -1.21672
0.889988 0.456046 0.0020232 58.4384 -0.456001 0.889891 0.0158025 61.3637 0.00541304 -0.0149814 0.999846 -1.20367
0.889875 0.456271 0.000712139 59.164 -0.456156 0.889677 0.0221574 60.9949 0.00948301 -0.0200372 0.999726 -1.15981
0.889135 0.45771 0.00141404 59.9045 -0.457575 0.888855 0.0256465 60.6381 0.0104886 -0.0234454 0.999641 -1.14802
0.88805 0.459805 0.00311781 60.6431 -0.45971 0.887754 0.0256177 60.2777 0.0090181 -0.0241782 0.999638 -1.11958
0.887553 0.460759 0.00387849 61.3925 -0.460712 0.887341 0.0216833 59.8796 0.00655605 -0.0210267 0.999727 -1.11431
0.887264 0.461333 -0.000419869 62.1413 -0.461268 0.887213 0.0136087 59.4863 0.0066575 -0.0118749 0.999876 -1.14427
0.887722 0.460425 0.00499457 62.891 -0.460388 0.887452 0.0239492 59.1224 0.00660121 -0.0235544 0.999669 -1.09742
0.887944 0.459971 0.00697081 63.6409 -0.459968 0.887596 0.0265819 58.742 0.00604648 -0.0268045 0.999589 -1.06077
0.888199 0.45952 0.00327721 64.3639 -0.459448 0.887956 0.0233996 58.344 0.00784944 -0.0222838 0.999687 -1.11134
0.887634 0.460524 0.00955406 65.0827 -0.46055 0.887042 0.0340246 57.9966 0.00720117 -0.0345968 0.99934 -1.07327
0.885854 0.463902 0.0112102 65.7884 -0.463961 0.885125 0.0374671 57.6334 0.00746559 -0.0383869 0.999199 -1.04461
0.882671 0.469878 0.0132121 66.4974 -0.470003 0.881886 0.0385476 57.2623 0.00646803 -0.0402301 0.999132 -1.02201
0.879622 0.475507 0.015124 67.2456 -0.475718 0.878957 0.0352144 56.861 0.00345824 -0.0381653 0.999227 -0.995534
0.876469 0.481306 0.0147059 68.0106 -0.48148 0.875672 0.0385794 56.4554 0.00569788 -0.0408896 0.999108 -1.01649
0.872252 0.488945 0.0134285 68.737 -0.489085 0.871621 0.0344696 56.0519 0.00515619 -0.0366287 0.999275 -0.976228
0.867984 0.49644 0.0149361 69.4125 -0.496625 0.867305 0.0355285 55.6523 0.0046906 -0.0382507 0.999215 -0.973793
0.86298 0.505138 0.0131983 70.1184 -0.505263 0.862389 0.0333259 55.2481 0.00545907 -0.0354228 0.999314 -0.934475
0.856975 0.515336 0.00985525 70.8137 -0.515377 0.856574 0.0280142 54.854 0.00600194 -0.0290806 0.999515 -0.909038
0.851137 0.524975 0.00658869 71.5041 -0.524971 0.850936 0.0207883 54.4315 0.00531373 -0.0211457 0.999717 -0.832428
0.84568 0.533689 0.00887606 72.1572 -0.533698 0.845309 0.0271614 54.0133 0.00699975 -0.0277007 0.999545 -0.837608
0.839861 0.54286 0.00386102 72.8209 -0.542786 0.839658 0.0218523 53.5925 0.00862781 -0.0204416 0.999706 -0.790914
0.833046 0.553066 0.0152423 73.4889 -0.553192 0.832249 0.0382212 53.1809 0.00846053 -0.0402666 0.999104 -0.798623
0.827905 0.560874 0.00860858 74.1239 -0.560825 0.827421 0.0311548 52.7337 0.0103581 -0.0306148 0.999427 -0.827078
0.822073 0.569368 0.0099194 74.7671 -0.569338 0.821524 0.032769 52.2998 0.0105157 -0.0325798 0.999362 -0.787655
0.81654 0.577261 0.0107929 75.3824 -0.577234 0.815923 0.0345247 51.8608 0.0111307 -0.0344147 0.999293 -0.78309
0.810889 0.585088 0.0146978 75.9902 -0.585148 0.810052 0.0392366 51.423 0.011058 -0.0404112 0.999068 -0.76625
0.80615 0.591677 0.0112151 76.583 -0.591648 0.805513 0.0350022 50.9775 0.0116832 -0.0348461 0.999269 -0.765606
0.801366 0.598112 0.0126755 77.1656 -0.598149 0.800781 0.0330445 50.5518 0.0096211 -0.0340561 0.999317 -0.735743
0.798094 0.602523 0.00992056 77.7277 -0.602527 0.797723 0.0269162 50.1167 0.00831078 -0.0274518 0.99953 -0.700434
0.795286 0.6062 0.0113358 78.2848 -0.606234 0.794876 0.0278885 49.6811 0.00790248 -0.0290443 0.999487 -0.700424
0.793489 0.608608 0.00763537 78.8394 -0.608599 0.793281 0.0209384 49.2499 0.00669322 -0.0212532 0.99969 -0.671343
0.792599 0.609748 0.00894245 79.4003 -0.60977 0.792393 0.0205283 48.8411 0.00543812 -0.0217155 0.999686 -0.665615
0.792675 0.60963 0.0101439 79.9297 -0.609665 0.792404 0.0230946 48.4302 0.0060481 -0.0244831 0.999617 -0.649429
0.793197 0.608946 0.010378 80.4705 -0.608983 0.792908 0.0238062 48.0112 0.00627494 -0.0251953 0.999596 -0.643453
0.794816 0.60683 0.0104648 81.0063 -0.606837 0.794408 0.0281998 47.6224 0.00880633 -0.0287567 0.999479 -0.635861
0.79726 0.60362 0.0101393 81.5052 -0.603603 0.796806 0.0299381 47.2183 0.00999937 -0.0299813 0.99943 -0.567642
0.800407 0.599434 0.0105103 82.0275 -0.599426 0.799933 0.0304881 46.8462 0.00987528 -0.0306958 0.999408 -0.562961
0.806787 0.590849 0.00857109 82.5372 -0.590817 0.806413 0.0277537 46.4946 0.00949355 -0.0274476 0.999504 -0.553461
0.816138 0.577847 0.00955397 82.9966 -0.577836 0.815707 0.0294524 46.1737 0.00923292 -0.0295503 0.999445 -0.532045
0.82631 0.563232 0.00762549 83.4366 -0.563175 0.825905 0.0292695 45.8841 0.0101948 -0.0284725 0.999465 -0.527211
0.837706 0.54617 0.0045749 83.87 -0.546066 0.837395 0.026961 45.6367 0.0109015 -0.0250754 0.999547 -0.508355
0.849935 0.526933 0.00491707 84.3165 -0.52683 0.849574 0.0286681 45.3826 0.010936 -0.0269485 0.999496 -0.477644
0.864265 0.503105 -0.000382623 84.8023 -0.502896 0.864 0.0273922 45.1254 0.0141191 -0.0234733 0.999542 -0.507734
0.879468 0.476027 0.000875223 85.293 -0.475809 0.879081 0.0312664 44.8983 0.0141216 -0.0279063 0.999426 -0.524291
0.896034 0.444053 0.00178531 85.791 -0.443875 0.895619 0.0316257 44.6772 0.0124519 -0.0291224 0.999412 -0.489005
0.914186 0.405352 0.00365789 86.2588 -0.405275 0.913814 0.0292962 44.4655 0.00853989 -0.0282566 0.999476 -0.457069
0.932061 0.362343 0.00509629 86.7657 -0.362358 0.931836 0.0233394 44.2836 0.00371495 -0.0235916 0.999624 -0.455179
0.94855 0.316647 0.00631973 87.3023 -0.316712 0.948414 0.0193352 44.1538 0.000135545 -0.0203325 0.999701 -0.494153
0.963916 0.266178 0.00806883 87.7875 -0.266294 0.963775 0.0198827 44.0511 -0.00247742 -0.0213045 0.999675 -0.49073
0.97725 0.212017 0.00895585 88.2831 -0.21218 0.977038 0.023445 43.9781 -0.00377262 -0.0248029 0.999589 -0.479063
0.988125 0.153545 0.00899574 88.7923 -0.153734 0.987903 0.0242171 43.9139 -0.00516163 -0.0253036 0.999568 -0.468347
0.99591 0.0903468 0.00693608 89.3208 -0.0905046 0.995693 0.024063 43.9037 -0.00472529 -0.0245833 0.999586 -0.453134
0.999681 0.0250165 0.00773292 89.8199 -0.0252166 0.999475 0.024227 43.9227 -0.00711594 -0.0244051 0.999574 -0.458402
0.999085 -0.0430529 0.00493075 90.2743 0.0428943 0.998856 0.0248477 43.9653 -0.00598794 -0.0246044 0.999575 -0.479032
0.993257 -0.11616 0.000480396 90.7119 0.116081 0.992986 0.0259108 44.0641 -0.00347971 -0.0256714 0.999558 -0.477048
0.982224 -0.187836 -0.00329932 91.1635 0.187827 0.981955 0.0254454 44.188 -0.00153253 -0.0256038 0.999562 -0.484508
0.966484 -0.256722 -0.00804191 91.6388 0.256803 0.966311 0.0212755 44.3331 0.00231647 -0.0226182 0.999631 -0.458225
0.946276 -0.323455 -0.00262697 92.1257 0.323389 0.946068 0.0229087 44.5128 -0.00491757 -0.0225179 0.999622 -0.490225
0.92106 -0.389517 -2.90778e-05 92.5154 0.389405 0.920946 0.0190586 44.7346 -0.00738997 -0.0175549 0.999704 -0.463182
0.893777 -0.448535 0.00781236 92.9381 0.448188 0.893663 0.0250404 44.9543 -0.0182067 -0.0188687 0.99954 -0.45633
0.864716 -0.502216 0.011547 93.3186 0.50175 0.864665 0.0269845 45.214 -0.0235302 -0.0175295 0.999451 -0.473266
0.83344 -0.552558 0.0123373 93.68 0.552059 0.833423 0.0274804 45.5034 -0.0254607 -0.0160813 0.999426 -0.499941
0.802474 -0.596642 0.012408 94.0023 0.596072 0.802444 0.0298973 45.7895 -0.0277888 -0.0165847 0.999354 -0.521135
0.772191 -0.635383 0.0106985 94.3119 0.634598 0.771983 0.0378602 46.0717 -0.0323089 -0.0224361 0.999102 -0.490659
0.746563 -0.665315 0.010509 94.62 0.664288 0.746217 0.0445464 46.3807 -0.0374737 -0.0262664 0.998827 -0.509889
0.725627 -0.688136 0.00683135 94.9364 0.687202 0.72518 0.0443388 46.7159 -0.0354592 -0.0274699 0.998866 -0.528869
0.709923 -0.704305 0.00887375 95.2806 0.703298 0.709564 0.0445874 47.0703 -0.0376938 -0.0254033 0.998838 -0.555611
0.697782 -0.716343 0.00832599 95.6115 0.715462 0.697497 0.0413314 47.4228 -0.0354088 -0.0228734 0.998981 -0.555876
0.687899 -0.725866 0.0055385 95.9629 0.724922 0.687438 0.0448654 47.8129 -0.0363676 -0.0268387 0.998846 -0.577343
0.680892 -0.73241 0.0089476 96.3034 0.731402 0.680584 0.0441866 48.1943 -0.0384463 -0.0235321 0.99885 -0.589278
0.67731 -0.7357 0.0107365 96.6426 0.734542 0.677017 0.0468192 48.5359 -0.0417079 -0.0238148 0.998711 -0.65267
0.675387 -0.737543 0.00108031 96.9642 0.736651 0.674728 0.0467338 48.9093 -0.0351907 -0.0307592 0.998771 -0.653369
0.675043 -0.737797 -0.00944736 97.2998 0.737189 0.673943 0.0495228 49.3422 -0.0301639 -0.0403881 0.998591 -0.629928
0.67667 -0.736283 -0.0110241 97.7157 0.73591 0.675768 0.0432903 49.7511 -0.0244168 -0.0373989 0.998863 -0.594684
0.68019 -0.733102 -0.00420291 98.1114 0.732779 0.679797 0.031838 50.1615 -0.0204757 -0.024726 0.999344 -0.64109
0.684608 -0.728816 -0.0158696 98.5062 0.728753 0.683821 0.0375845 50.5941 -0.0165322 -0.0372886 0.999026 -0.705019
0.688813 -0.7248 -0.0176791 98.9076 0.724698 0.687733 0.0440936 51.065 -0.0197927 -0.0431784 0.998728 -0.736871
0.693136 -0.720764 -0.0130873 99.3372 0.720467 0.692135 0.0445699 51.5115 -0.0230586 -0.0403155 0.998777 -0.731533
0.695646 -0.718179 -0.0201197 99.7595 0.717989 0.694045 0.0539012 51.9471 -0.0247393 -0.0519378 0.998198 -0.747922
0.697549 -0.716416 -0.0167775 100.22 0.716158 0.696218 0.0501268 52.3966 -0.0242232 -0.0469761 0.998455 -0.815342
0.699029 -0.714987 -0.0160798 100.693 0.71463 0.697588 0.052825 52.8589 -0.0265446 -0.0484125 0.998326 -0.897756
0.699854 -0.71422 -0.0140991 101.147 0.713792 0.6985 0.0521089 53.3094 -0.0273615 -0.0465272 0.998393 -0.899337
0.701 -0.713201 -0.00693072 101.595 0.712746 0.700239 0.0421512 53.7627 -0.0252012 -0.0344799 0.998937 -0.895027
0.700889 -0.713342 -0.00106853 102.035 0.712937 0.700536 0.0330301 54.2323 -0.022805 -0.0239019 0.999302 -0.816076
0.699286 -0.714864 -0.00846661 102.479 0.714544 0.69861 0.0386317 54.7428 -0.0216932 -0.033056 0.999064 -0.863426
0.697477 -0.716501 -0.0159741 102.969 0.716349 0.696444 0.0439701 55.2379 -0.0203712 -0.0421049 0.998751 -0.905398
0.695124 -0.718707 -0.0190789 103.463 0.718765 0.694233 0.0392499 55.7796 -0.0149551 -0.0409902 0.998892 -0.837778
0.693268 -0.720447 -0.0209357 104.012 0.720512 0.692156 0.0436664 56.2898 -0.0169598 -0.0453513 0.99867 -0.861772
0.68939 -0.724387 -0.0103598 104.544 0.724054 0.688571 0.0417396 56.8108 -0.0230938 -0.0362682 0.998917 -0.903482
0.686051 -0.72751 -0.0128633 105.02 0.727045 0.684811 0.0506606 57.3546 -0.0280392 -0.0441022 0.998474 -0.960273
0.683452 -0.730033 -0.00689734 105.514 0.729604 0.682762 0.0405286 57.907 -0.0248695 -0.0327232 0.998994 -0.905374
0.677317 -0.735644 -0.0131655 105.995 0.735388 0.676416 0.0423687 58.4895 -0.0222542 -0.0383715 0.998854 -0.887566
0.672548 -0.739982 -0.0144629 106.529 0.739827 0.671725 0.0396314 59.0576 -0.0196024 -0.0373465 0.998947 -0.896588
0.669347 -0.742939 -0.0110029 107.088 0.742505 0.668369 0.0458373 59.6182 -0.026692 -0.0388436 0.998725 -0.967584
0.666631 -0.745453 -0.00293885 107.656 0.744878 0.666047 0.0408703 60.2213 -0.028501 -0.0294251 0.998995 -0.946331
0.664571 -0.747293 -0.0020708 108.201 0.746744 0.664066 0.0390584 60.8235 -0.0278043 -0.0274936 0.999069 -0.911399
0.66382 -0.747959 -0.00261963 108.718 0.747394 0.663267 0.0402061 61.4436 -0.0283263 -0.0286379 0.999021 -1.01927
0.664031 -0.747774 -0.00209414 109.286 0.747255 0.663554 0.038014 62.0597 -0.0270273 -0.0267972 0.999107 -1.04832
0.66483 -0.747034 0.00693476 109.895 0.746596 0.66479 0.0281136 62.6848 -0.0256024 -0.0135 0.999412 -1.0384
0.664832 -0.747008 0.00918054 110.448 0.746506 0.664835 0.0294382 63.3389 -0.0280847 -0.0127047 0.999355 -1.03414
0.663686 -0.748039 0.00812952 110.942 0.747342 0.663551 0.0363937 63.9413 -0.0326094 -0.0180663 0.999134 -1.13077
0.664146 -0.747661 0.00461307 111.483 0.746892 0.663802 0.0408215 64.5338 -0.0335741 -0.0236552 0.998984 -1.17566
0.664401 -0.747424 0.00603934 112.037 0.746772 0.664201 0.036313 65.1656 -0.0311433 -0.0196045 0.99915 -1.16347
0.666401 -0.745636 0.00668261 112.646 0.744984 0.666226 0.0359835 65.8506 -0.0312735 -0.018989 0.999157 -1.19498
0.669857 -0.742548 0.00460014 113.253 0.741878 0.669573 0.0380175 66.5244 -0.0313007 -0.0220423 0.999092 -1.15959
0.673593 -0.739143 0.00692375 113.851 0.73862 0.673498 0.0316229 67.1967 -0.028027 -0.0161741 0.999301 -1.12837
0.675956 -0.736844 0.015889 114.471 0.736479 0.676197 0.0227874 67.8463 -0.0275243 -0.0036856 0.999439 -1.1648
0.675858 -0.736743 0.0231103 115.072 0.736471 0.676307 0.0196109 68.4947 -0.0300673 0.00378339 0.999364 -1.21492
0.674078 -0.738612 0.0134693 115.624 0.738254 0.674254 0.0229785 69.1541 -0.026043 -0.00553014 0.999468 -1.19409
0.673958 -0.73877 0.0105278 116.163 0.73842 0.674057 0.0234986 69.7505 -0.0244453 -0.00804828 0.999491 -1.21144
0.673055 -0.739568 0.0122047 116.715 0.739115 0.67317 0.026891 70.3877 -0.0280928 -0.00906399 0.999386 -1.26181
0.673447 -0.739189 0.0135269 117.298 0.738668 0.673582 0.0288239 71.0323 -0.0304073 -0.00940508 0.999314 -1.31451
0.674927 -0.737883 0.0108951 117.92 0.737405 0.67499 0.0282748 71.724 -0.0282066 -0.0110352 0.999361 -1.28691
0.677169 -0.735828 0.0108355 118.504 0.735458 0.677267 0.0243376 72.3382 -0.0252353 -0.00849679 0.999465 -1.26384
0.679147 -0.733942 0.0143907 119.058 0.733733 0.679365 0.0168561 72.9269 -0.0221356 -0.000872036 0.999574 -1.26733
0.678988 -0.734106 0.0135734 119.588 0.733871 0.679186 0.0181304 73.49 -0.0225162 -0.00233284 0.999563 -1.25776
0.677929 -0.734909 0.0210572 120.158 0.734711 0.67831 0.0169481 74.126 -0.0267265 0.00399909 0.999454 -1.32834
0.676362 -0.736029 0.0303536 120.762 0.735899 0.677022 0.0170135 74.7887 -0.0330608 0.010849 0.999213 -1.40303
0.675425 -0.736822 0.0319604 121.361 0.736805 0.676103 0.014231 75.4368 -0.0320821 0.0139564 0.999206 -1.46419
0.674187 -0.738192 0.0259802 121.916 0.738046 0.674703 0.0162959 76.06 -0.0295461 0.00820662 0.999348 -1.45869
0.672814 -0.739566 0.0222632 122.467 0.73938 0.673229 0.0169269 76.6533 -0.0274941 0.00509013 0.999427 -1.50328
0.671772 -0.740518 0.0221363 123.005 0.740439 0.672157 0.0128087 77.2576 -0.0243508 0.00780469 0.999491 -1.48214
0.670316 -0.741785 0.023818 123.543 0.741819 0.670702 0.00879664 77.8947 -0.0224861 0.0117916 0.999495 -1.47343
0.668713 -0.743106 0.0274784 124.083 0.743226 0.669163 0.00730958 78.5167 -0.0238053 0.0155549 0.999413 -1.56402
0.665941 -0.745969 0.0140041 124.629 0.745622 0.666136 0.0230914 79.1457 -0.0265413 -0.0049203 0.999453 -1.50194
0.662954 -0.748713 0.00814731 125.17 0.748247 0.662933 0.0295215 79.7523 -0.0274918 -0.0134618 0.999349 -1.48499
0.659806 -0.751485 0.00871017 125.709 0.751063 0.659826 0.0276492 80.3744 -0.0265123 -0.0116873 0.999398 -1.54351
0.657571 -0.753436 0.00932179 126.228 0.753061 0.657629 0.0256282 81.005 -0.0254263 -0.00981808 0.999446 -1.56328
0.656444 -0.754372 0.0126639 126.76 0.754166 0.656629 0.0176676 81.6393 -0.0216292 -0.00203071 0.999582 -1.48174
0.655492 -0.755253 0.00902664 127.313 0.75501 0.655589 0.0201601 82.2625 -0.0211296 -0.00638418 0.999574 -1.49436
0.654399 -0.756162 0.0119347 127.832 0.755955 0.654568 0.0178943 82.8527 -0.0213286 -0.00267169 0.999587 -1.54823
0.651937 -0.758248 0.0142355 128.346 0.758104 0.652158 0.0148312 83.4485 -0.0205147 0.00114009 0.999607 -1.58875
0.647964 -0.76163 0.0151558 128.841 0.761579 0.648189 0.0101813 84.0609 -0.0175627 0.00496338 0.999651 -1.57073
0.643949 -0.765114 0.0100871 129.368 0.764983 0.644093 0.0143352 84.6603 -0.0174498 -0.00149802 0.999664 -1.55403
0.638835 -0.769369 0.01166 129.877 0.769279 0.639007 0.011996 85.3109 -0.0166645 0.00132366 0.999678 -1.52225
0.633947 -0.773414 0.0109269 130.397 0.773236 0.634105 0.0169008 85.9203 -0.019985 -0.00224881 0.999615 -1.57234
0.629245 -0.777085 0.0192759 130.893 0.776965 0.629583 0.0149308 86.568 -0.0237232 0.0055994 0.99952 -1.57575
0.625474 -0.780195 0.0162006 131.406 0.779958 0.625752 0.0194202 87.2057 -0.0252744 0.000505505 0.999497 -1.60234
0.621336 -0.783636 0.00674858 131.883 0.783327 0.621364 0.0242351 87.8394 -0.0231703 -0.00975741 0.9995 -1.71319
0.617352 -0.786801 0.00339071 132.38 0.78658 0.617337 0.0217218 88.473 -0.0191688 -0.0107286 0.999574 -1.65586
0.612533 -0.790538 -0.00683368 132.899 0.790393 0.612254 0.0267228 89.1061 -0.0169265 -0.0217578 0.999434 -1.74738
0.60709 -0.794739 -0.00541671 133.391 0.794525 0.606797 0.0286673 89.7847 -0.0194815 -0.0216954 0.999389 -1.7393
0.600082 -0.800062 0.00185345 133.857 0.799831 0.600028 0.0230989 90.4902 -0.0195774 -0.0123647 0.999545 -1.74999
0.593139 -0.805226 -0.00125437 134.313 0.805013 0.59301 0.0243536 91.118 -0.018851 -0.0154414 0.999516 -1.79448
0.586292 -0.810219 -0.0038397 134.828 0.81012 0.586193 0.0196441 91.7816 -0.013649 -0.0146138 0.999612 -1.77116
0.579582 -0.815041 -0.00228142 135.306 0.814929 0.579515 0.0189807 92.4227 -0.0141316 -0.0128456 0.999629 -1.7867
0.572003 -0.820382 0.000158622 135.747 0.820232 0.571969 0.0195097 93.1326 -0.0160799 -0.0110148 0.999621 -1.84671
0.564446 -0.825597 0.00267969 136.206 0.825428 0.564459 0.0192039 93.8517 -0.017351 -0.00861247 0.999622 -1.85292
0.557475 -0.830326 -0.00108237 136.636 0.830076 0.55734 0.0257658 94.5361 -0.0207754 -0.0152487 0.999477 -1.86322
0.551087 -0.834576 0.0030849 137.079 0.834261 0.551041 0.0261255 95.1984 -0.0234884 -0.0118097 0.999462 -1.9008
0.547953 -0.836627 0.00526542 137.507 0.836262 0.547952 0.0271612 95.8741 -0.0255939 -0.0104655 0.999425 -2.01488
0.545432 -0.838291 -0.000815281 137.947 0.837961 0.545256 0.0290608 96.5694 -0.0239018 -0.0165208 0.999384 -2.07712
0.542665 -0.840072 -0.00490144 138.377 0.839874 0.542451 0.0262645 97.2716 -0.0193895 -0.0183565 0.999449 -2.07208
0.54044 -0.841501 -0.00582412 138.843 0.841315 0.540203 0.0265526 97.9991 -0.019182 -0.0192371 0.999435 -2.18701
0.537835 -0.843175 -0.00511253 139.296 0.84291 0.537554 0.0296371 98.7676 -0.0222256 -0.0202368 0.999351 -2.1402
0.535235 -0.844844 0.000218797 139.746 0.844315 0.534977 0.035692 99.5159 -0.030257 -0.0189067 0.999165 -2.32092
0.531823 -0.846991 -0.00351398 140.174 0.846497 0.531427 0.0370765 100.234 -0.0295219 -0.0226812 0.999107 -2.13176
0.52847 -0.849089 -0.00318644 140.623 0.848577 0.528079 0.0374269 100.874 -0.0300819 -0.0224714 0.999094 -2.10746
0.524712 -0.851423 0.00164919 141.013 0.851078 0.524623 0.0281416 101.553 -0.0248097 -0.0133486 0.999401 -2.15078
0.520223 -0.85417 0.00315807 141.438 0.853847 0.520193 0.0265151 102.229 -0.0242749 -0.0110826 0.999441 -2.36763
0.513037 -0.85851 -0.00257439 141.852 0.858044 0.512723 0.035169 102.992 -0.0288581 -0.0202397 0.999174 -2.53772
0.505232 -0.862748 0.0257292 142.269 0.862661 0.505803 0.0185227 103.703 -0.0289768 0.0128573 0.999292 -2.50729
0.496684 -0.868077 0.00260277 142.67 0.867581 0.49657 0.0329767 104.445 -0.0299034 -0.0141074 0.999246 -2.42989
0.491392 -0.87053 0.0312143 143.091 0.87053 0.492135 0.0187413 105.134 -0.0316589 0.0179845 0.999129 -2.55669
0.48648 -0.872416 0.0499251 143.454 0.873368 0.48741 0.00574518 105.802 -0.0293262 0.0408343 0.998528 -2.62943
0.481068 -0.875828 0.0420416 143.844 0.87621 0.48208 0.0152259 106.512 -0.0335843 0.0295356 0.99879 -2.87192
0.476903 -0.878248 0.0389331 144.253 0.87871 0.477656 0.0096993 107.221 -0.0270952 0.0296087 0.998984 -2.58928
0.470773 -0.880015 0.0649514 144.688 0.881968 0.471708 -0.00244275 107.951 -0.0284665 0.0584649 0.997673 -2.74894
0.464683 -0.882752 0.0713678 145.04 0.885314 0.465304 -0.00986802 108.699 -0.0244732 0.0678005 0.997187 -2.58645
0.459304 -0.885487 0.0723293 145.409 0.888063 0.460079 -0.00775152 109.473 -0.02639 0.0678249 0.997135 -2.59859
0.453858 -0.888753 0.0664313 145.802 0.890758 0.454909 -0.000596757 110.278 -0.0296678 0.059474 0.997574 -2.69611
0.451379 -0.890043 0.0660792 146.226 0.891889 0.452676 0.003867 111.08 -0.0333329 0.0572177 0.997589 -2.78409
0.450857 -0.890413 0.0646699 146.635 0.892253 0.451976 0.00157634 111.833 -0.0306109 0.0570189 0.997687 -2.76877
0.449291 -0.891716 0.0572155 146.979 0.893168 0.45017 0.00114636 112.583 -0.0267566 0.0506141 0.998141 -2.71692
0.446033 -0.893281 0.0583103 147.3 0.894696 0.447109 0.00451688 113.3 -0.0300841 0.0501808 0.998067 -2.84193
0.444576 -0.893512 0.0654724 147.659 0.89538 0.445758 0.00244513 114.049 -0.0313473 0.0575625 0.997629 -2.84489
0.444037 -0.894119 0.0607044 148.033 0.895728 0.445063 0.00225925 114.82 -0.0290148 0.0533972 0.99793 -2.80274
0.442175 -0.895743 0.0493345 148.439 0.896561 0.443258 0.0109848 115.661 -0.0316865 0.0393959 0.998498 -2.84919
0.440372 -0.897794 0.0187184 148.85 0.897386 0.440833 0.0280616 116.471 -0.0334274 0.00445293 0.999206 -2.88247
0.439249 -0.898361 0.0179805 149.254 0.898042 0.439673 0.0251935 117.255 -0.0305198 0.00509418 0.999294 -2.76371
0.436768 -0.89959 0.0170607 149.622 0.89924 0.437169 0.026084 117.978 -0.0309047 0.0039618 0.999286 -2.5697
0.433968 -0.901105 0.00195062 149.959 0.900605 0.433875 0.0331212 118.665 -0.0306747 -0.0126082 0.99922 -2.5128
0.432456 -0.901833 -0.00239118 150.315 0.901381 0.432226 0.0336155 119.355 -0.0292646 -0.0166849 0.999201 -2.53196
0.432501 -0.901793 0.00639067 150.671 0.901369 0.432581 0.0291025 120.13 -0.0289904 -0.00681628 0.999324 -2.51982
0.431647 -0.902191 0.00792021 151.053 0.901789 0.431777 0.0280646 120.947 -0.0287206 -0.00496095 0.999341 -2.62091
0.430527 -0.902639 0.0149359 151.41 0.90226 0.430868 0.0269168 121.712 -0.0307125 0.00189993 0.99929 -2.70879
0.430709 -0.902288 0.0264837 151.749 0.90206 0.431409 0.0249503 122.459 -0.0339182 0.0131584 0.9991 -2.87128
0.431543 -0.901942 0.0246604 152.119 0.901656 0.432194 0.0259985 123.204 -0.0340878 0.0110299 0.999118 -2.79243
0.429058 -0.903407 -0.0103313 152.453 0.902948 0.428466 0.0394527 124.012 -0.0311982 -0.0262515 0.998926 -2.64645
0.427425 -0.90409 -0.0164885 152.797 0.903721 0.426554 0.042397 124.754 -0.031281 -0.0330196 0.998721 -2.74586
0.428034 -0.903661 -0.0229797 153.162 0.903192 0.426553 0.0525058 125.548 -0.0376312 -0.0432296 0.99811 -2.9139
0.427305 -0.903746 -0.0316112 153.537 0.903353 0.425055 0.0611909 126.31 -0.0418521 -0.0547068 0.997377 -3.00862
0.42556 -0.904485 -0.0339807 153.854 0.904197 0.423182 0.0617212 127.034 -0.0414334 -0.0569952 0.997264 -2.95417
0.424446 -0.904534 -0.0448665 154.176 0.904767 0.421376 0.0656237 127.748 -0.0404415 -0.0684541 0.996582 -2.90724
0.422082 -0.905678 -0.044113 154.482 0.906025 0.419342 0.0611574 128.511 -0.0368775 -0.0657863 0.996897 -2.85866
0.420972 -0.906167 -0.0446879 154.844 0.906473 0.418074 0.0631979 129.243 -0.0385723 -0.0671186 0.996742 -2.96606
0.420371 -0.906319 -0.0472264 155.203 0.906585 0.417003 0.0684709 129.971 -0.0423515 -0.0716048 0.996275 -3.18035
0.4199 -0.907135 -0.0339021 155.539 0.906778 0.417461 0.0629173 130.677 -0.0429088 -0.0571634 0.997181 -3.1593
0.421399 -0.902418 0.0917449 155.836 0.905749 0.424222 0.0117337 131.354 -0.0494852 0.0781879 0.995448 -3.08516
0.420858 -0.901003 0.106885 156.136 0.905945 0.423929 0.00580161 132.023 -0.0505136 0.0944285 0.993987 -3.01026
0.421982 -0.90398 0.0714955 156.485 0.905651 0.424234 0.0176516 132.714 -0.0462644 0.0573293 0.997016 -3.02967
0.422599 -0.905074 0.0511409 156.775 0.905478 0.424259 0.0246733 133.317 -0.0440062 0.0359018 0.998116 -2.98322
0.425943 -0.903087 0.058071 157.064 0.903962 0.427723 0.0200846 133.904 -0.0429533 0.0439629 0.997837 -3.07717
0.430743 -0.900499 0.0626762 157.323 0.902034 0.432158 0.0087081 134.492 -0.0349014 0.052812 0.99772 -3.15589
